1437132658.951506843    1437132658.961102765  
1437132658.991434446    1437132658.985218753  
1437132659.309096374    1437132659.322830673  
1437132659.349043337    1437132659.349161895  
1437132659.388976873    1437132659.400941455  
1437132659.428992219    1437132659.427335995  
1437132659.468872610    1437132659.454790996  
1437132659.507877481    1437132659.505879373  
1437132659.547745331    1437132659.557790067  
1437132659.587755853    1437132659.583220696  
1437132659.627670144    1437132659.635850036  
1437132659.667686201    1437132659.661342937  
1437132659.706605414    1437132659.713000093  
1437132659.746548447    1437132659.739746175  
1437132659.786473808    1437132659.792693975  
1437132659.825446231    1437132659.818691498  
1437132659.865365796    1437132659.844363487  
1437132659.905372765    1437132659.896636961  
1437132659.945271658    1437132659.922788945  
1437132659.985262232    1437132659.974287544  
1437132660.004310221    1437132660.000152054  
1437132660.024237462    1437132660.026937337  
1437132660.064188302    1437132660.052712311  
1437132660.144063759    1437132660.154091469  
1437132660.184211771    1437132660.179573850  
1437132660.222990693    1437132660.232811630  
1437132660.263048078    1437132660.260053213  
1437132660.304069450    1437132660.311315822  
1437132660.342939758    1437132660.337143857  
1437132660.382884243    1437132660.390768925  
1437132660.441781036    1437132660.443055531  
1437132660.461768790    1437132660.468080211  
1437132660.501790060    1437132660.513297877  
1437132660.541673220    1437132660.540882378  
1437132660.580677926    1437132660.593484761  
1437132660.620615199    1437132660.619707886  
1437132660.660556160    1437132660.673770807  
1437132660.740413072    1437132660.725450632  
1437132660.779408500    1437132660.777959137  
1437132660.819363581    1437132660.829504516  
1437132660.859333900    1437132660.857119137  
1437132660.899256519    1437132660.910254793  
1437132660.939317875    1437132660.936412894  
1437132660.978233451    1437132660.990159756  
1437132661.018236423    1437132661.016047439  
1437132661.058100181    1437132661.068763080  
1437132661.098124094    1437132661.095024871  
1437132661.138043338    1437132661.148138423  
1437132661.177074987    1437132661.174566140  
1437132661.217114023    1437132661.227355180  
1437132661.256978411    1437132661.254003405  
1437132661.295846428    1437132661.306191645  
1437132661.336802881    1437132661.331917196  
1437132661.375723380    1437132661.383499513  
1437132661.415740949    1437132661.409578905  
1437132661.455684864    1437132661.461451341  
1437132661.494576016    1437132661.488461977  
1437132661.534539438    1437132661.541439678  
1437132661.574486528    1437132661.567498879  
1437132661.614462475    1437132661.618098892  
1437132661.653420572    1437132661.644480603  
1437132661.693312324    1437132661.697341319  
1437132661.733548378    1437132661.722858316  
1437132661.793195892    1437132661.802115057  
1437132661.833429028    1437132661.827990136  
1437132661.872133398    1437132661.880060719  
1437132661.912101926    1437132661.906727925  
1437132661.952053685    1437132661.959341907  
1437132661.991998889    1437132661.984877476  
1437132662.032135139    1437132662.039175595  
1437132662.070973903    1437132662.065698353  
1437132662.110901366    1437132662.118067144  
1437132662.151686360    1437132662.143826210  
1437132662.190852520    1437132662.189463944  
1437132662.229795482    1437132662.215401224  
1437132662.269757007    1437132662.271826852  
1437132662.309693305    1437132662.297876327  
1437132662.349748902    1437132662.351163958  
1437132662.389579216    1437132662.377246349  
1437132662.409546396    1437132662.403583831  
1437132662.428511449    1437132662.429479075  
1437132662.468677252    1437132662.455570409  
1437132662.508431376    1437132662.509458169  
1437132662.548479583    1437132662.536075964  
1437132662.588374802    1437132662.590350729  
1437132662.627348285    1437132662.616498553  
1437132662.667499029    1437132662.669161539  
1437132662.707250311    1437132662.695527182  
1437132662.746271557    1437132662.749003156  
1437132662.787172009    1437132662.774587923  
1437132662.826120812    1437132662.827547331  
1437132662.866248897    1437132662.854272823  
1437132662.906052127    1437132662.906039344  
1437132662.945045695    1437132662.932291374  
1437132662.985017657    1437132662.984253209  
1437132663.024893957    1437132663.036024413  
1437132663.065643280    1437132663.061547637  
1437132663.104782237    1437132663.113658919  
1437132663.143840774    1437132663.140083949  
1437132663.183718201    1437132663.192822374  
1437132663.223687487    1437132663.219232659  
1437132663.263935753    1437132663.271246210  
1437132663.303617920    1437132663.298511528  
1437132663.342527734    1437132663.350825972  
1437132663.382576170    1437132663.376358891  
1437132663.422478078    1437132663.429867621  
1437132663.462414573    1437132663.455850150  
1437132663.501392588    1437132663.507869692  
1437132663.541324485    1437132663.533603532  
1437132663.581365425    1437132663.587113464  
1437132663.621233298    1437132663.612638514  
1437132663.661155046    1437132663.664656075  
1437132663.700165922    1437132663.690903488  
1437132663.740070283    1437132663.742733602  
1437132663.780149413    1437132663.769991422  
1437132663.820013342    1437132663.822556325  
1437132663.859017000    1437132663.865874529  
1437132663.899118879    1437132663.892598071  
1437132663.938875503    1437132663.944959139  
1437132663.978778570    1437132663.971628637  
1437132664.017749166    1437132664.023247377  
1437132664.057724923    1437132664.050000207  
1437132664.097716325    1437132664.101980824  
1437132664.137629832    1437132664.127363920  
1437132664.177594267    1437132664.179712614  
1437132664.216688622    1437132664.206995484  
1437132664.257536218    1437132664.259803056  
1437132664.296605020    1437132664.286385368  
1437132664.336430143    1437132664.339882145  
1437132664.376408363    1437132664.367050948  
1437132664.415515116    1437132664.421450653  
1437132664.456327558    1437132664.447359009  
1437132664.495344045    1437132664.500618691  
1437132664.535219999    1437132664.526093364  
1437132664.574169832    1437132664.580578622  
1437132664.614191670    1437132664.607640759  
1437132664.654094451    1437132664.659628770  
1437132664.694110501    1437132664.686755392  
1437132664.753022914    1437132664.742391969  
1437132664.793052300    1437132664.796031200  
1437132664.813027406    1437132664.822025290  
1437132664.852925574    1437132664.848644921  
1437132664.872880148    1437132664.874454247  
1437132664.932822343    1437132664.926483038  
1437132664.971733691    1437132664.979337606  
1437132665.011813323    1437132665.007069558  
1437132665.031718595    1437132665.033866058  
1437132665.092063527    1437132665.086007934  
1437132665.130657792    1437132665.138669312  
1437132665.170641571    1437132665.165338036  
1437132665.210536509    1437132665.218806228  
1437132665.249551616    1437132665.245244780  
1437132665.290543342    1437132665.298543185  
1437132665.329589406    1437132665.325090267  
1437132665.369432536    1437132665.378040889  
1437132665.428346822    1437132665.431123223  
1437132665.468294900    1437132665.457628668  
1437132665.509231715    1437132665.511072058  
1437132665.528221214    1437132665.531160541  
1437132665.548224638    1437132665.556360230  
1437132665.568396294    1437132665.587238967  
1437132665.607160288    1437132665.615018574  
1437132665.647134653    1437132665.644567094  
1437132665.687228436    1437132665.700743363  
1437132665.727002265    1437132665.729921577  
1437132665.766984780    1437132665.758234087  
1437132665.806924717    1437132665.812645319  
1437132665.848534093    1437132665.841038198  
1437132665.885853674    1437132665.895781334  
1437132665.925771003    1437132665.924871181  
1437132665.965751041    1437132665.952933271  
1437132666.024676710    1437132666.036622711  
1437132666.084643684    1437132666.091981452  
1437132666.124606533    1437132666.120528737  
1437132666.164734767    1437132666.175327861  
1437132666.203505830    1437132666.204307061  
1437132666.243510365    1437132666.232250544  
1437132666.283428116    1437132666.288456930  
1437132666.322433610    1437132666.315669206  
1437132666.362531952    1437132666.370457837  
1437132666.402427878    1437132666.398520595  
1437132666.442378756    1437132666.453078925  
1437132666.462469421    1437132666.479501838  
1437132666.501243062    1437132666.505482195  
1437132666.542294239    1437132666.532753903  
1437132666.581131497    1437132666.586945567  
1437132666.660093583    1437132666.666761150  
1437132666.700047370    1437132666.693487746  
1437132666.740009583    1437132666.747900617  
1437132666.780006197    1437132666.774307052  
1437132666.819930949    1437132666.827496537  
1437132666.858874430    1437132666.854337902  
1437132666.898861018    1437132666.907756329  
1437132666.938805919    1437132666.935628714  
1437132666.978740897    1437132666.990754779  
1437132667.018688238    1437132667.018099264  
1437132667.057670999    1437132667.044876783  
1437132667.097643558    1437132667.097309466  
1437132667.137631433    1437132667.124210454  
1437132667.177612208    1437132667.178701307  
1437132667.216479638    1437132667.204754197  
1437132667.256493219    1437132667.258485130  
1437132667.296386698    1437132667.304058698  
1437132667.336403868    1437132667.330724746  
1437132667.376367816    1437132667.384958145  
1437132667.415479086    1437132667.411897079  
1437132667.455267742    1437132667.465590279  
1437132667.495285003    1437132667.493087168  
1437132667.534383754    1437132667.546890270  
1437132667.574124252    1437132667.574209763  
1437132667.614089433    1437132667.601022717  
1437132667.654030179    1437132667.655527185  
1437132667.694034327    1437132667.682165145  
1437132667.732992693    1437132667.737389016  
1437132667.772910345    1437132667.764190974  
1437132667.812837776    1437132667.819121239  
1437132667.852830105    1437132667.845831230  
1437132667.892796486    1437132667.900068714  
1437132667.931810806    1437132667.926366441  
1437132667.971646077    1437132667.983059839  
1437132668.012656806    1437132668.009961916  
1437132668.051583394    1437132668.064200275  
1437132668.091578216    1437132668.090949425  
1437132668.130525305    1437132668.118988908  
1437132668.170464712    1437132668.173775632  
1437132668.210593485    1437132668.201288760  
1437132668.250455272    1437132668.256334306  
1437132668.289477193    1437132668.284106252  
1437132668.329302510    1437132668.338808733  
1437132668.369297240    1437132668.366350908  
1437132668.409318946    1437132668.419698294  
1437132668.448200075    1437132668.446702728  
1437132668.488227287    1437132668.474246927  
1437132668.528095427    1437132668.529507230  
1437132668.568032074    1437132668.556771952  
1437132668.607039767    1437132668.611998565  
1437132668.647003514    1437132668.638916130  
1437132668.687006914    1437132668.692377494  
1437132668.726922468    1437132668.719025054  
1437132668.766005463    1437132668.773798011  
1437132668.805809099    1437132668.800373262  
1437132668.846745926    1437132668.853998742  
1437132668.886051967    1437132668.879971736  
1437132668.925608070    1437132668.934220521  
1437132668.964723627    1437132668.960263472  
1437132669.004558351    1437132669.005521975  
1437132669.045553308    1437132669.031118086  
1437132669.084520261    1437132669.084819150  
1437132669.124384438    1437132669.111052276  
1437132669.163381884    1437132669.164068902  
1437132669.203351554    1437132669.191622170  
1437132669.243300932    1437132669.244262216  
1437132669.283269727    1437132669.271705914  
1437132669.323185364    1437132669.325359791  
1437132669.362180814    1437132669.352485977  
1437132669.402118822    1437132669.406574377  
1437132669.442084331    1437132669.436061255  
1437132669.482008396    1437132669.490430217  
1437132669.540994474    1437132669.542726026  
1437132669.581084063    1437132669.570093838  
1437132669.600952601    1437132669.597221473  
1437132669.620831324    1437132669.624319375  
1437132669.640855633    1437132669.651520301  
1437132669.681088264    1437132669.677706401  
1437132669.719711302    1437132669.731353292  
1437132669.759734734    1437132669.758406905  
1437132669.799683991    1437132669.811154089  
1437132669.839682079    1437132669.837432835  
1437132669.879742880    1437132669.891641039  
1437132669.918555241    1437132669.919307106  
1437132669.958571556    1437132669.945466155  
1437132669.998531812    1437132669.998487890  
1437132670.037505937    1437132670.025178412  
1437132670.077447371    1437132670.078852745  
1437132670.117320628    1437132670.104818932  
1437132670.177252787    1437132670.187930215  
1437132670.216221948    1437132670.216017850  
1437132670.236238514    1437132670.242136753  
1437132670.276189564    1437132670.268837640  
1437132670.297208739    1437132670.294749983  
1437132670.356025528    1437132670.347177513  
1437132670.396024579    1437132670.399188031  
1437132670.435204148    1437132670.426793853  
1437132670.474981203    1437132670.479335128  
1437132670.514920519    1437132670.506105335  
1437132670.554923602    1437132670.560465191  
1437132670.594806795    1437132670.587318196  
1437132670.633800032    1437132670.640846558  
1437132670.673767838    1437132670.667070240  
1437132670.713687835    1437132670.712341908  
1437132670.753602989    1437132670.763923051  
1437132670.812555749    1437132670.818526890  
1437132670.852513930    1437132670.844958922  
1437132670.872454436    1437132670.872645874  
1437132670.892460193    1437132670.898824130  
1437132670.912461644    1437132670.925343839  
1437132670.952422401    1437132670.952470159  
1437132670.991360445    1437132670.978344474  
1437132671.031385650    1437132671.033010626  
1437132671.071257542    1437132671.058876452  
1437132671.110223583    1437132671.112587607  
1437132671.150167118    1437132671.139822989  
1437132671.190118513    1437132671.193191332  
1437132671.230337821    1437132671.219765923  
1437132671.289046225    1437132671.300467389  
1437132671.329192188    1437132671.327158043  
1437132671.350001217    1437132671.354498002  
1437132671.389000263    1437132671.382590033  
1437132671.428911684    1437132671.436064098  
1437132671.467854697    1437132671.462201536  
1437132671.507835968    1437132671.516380032  
1437132671.548803968    1437132671.543465678  
1437132671.587786895    1437132671.596957364  
1437132671.627857411    1437132671.623078139  
1437132671.666675038    1437132671.677937773  
1437132671.706859032    1437132671.704019175  
1437132671.746611755    1437132671.758347566  
1437132671.786628169    1437132671.784487890  
1437132671.826540686    1437132671.838159457  
1437132671.865524866    1437132671.865955065  
1437132671.905493084    1437132671.893196904  
1437132671.945414990    1437132671.947918077  
1437132671.985397236    1437132671.975038334  
1437132672.044315537    1437132672.055393465  
1437132672.084350671    1437132672.081623336  
1437132672.104252500    1437132672.108659644  
1437132672.144239936    1437132672.135253683  
1437132672.164220402    1437132672.162709840  
1437132672.223149496    1437132672.215015083  
1437132672.263079735    1437132672.269069494  
1437132672.303054033    1437132672.296165868  
1437132672.323133774    1437132672.322201450  
1437132672.342968072    1437132672.349262844  
1437132672.383130481    1437132672.375416317  
1437132672.422028820    1437132672.421553514  
1437132672.461909756    1437132672.473694578  
1437132672.501847708    1437132672.500346627  
1437132672.560779613    1437132672.553153300  
1437132672.601713805    1437132672.606739381  
1437132672.640769764    1437132672.633696215  
1437132672.680596923    1437132672.686601896  
1437132672.720548522    1437132672.713481014  
1437132672.759559800    1437132672.767690763  
1437132672.800483006    1437132672.794445688  
1437132672.839586609    1437132672.848708401  
1437132672.879493622    1437132672.875239981  
1437132672.918372649    1437132672.930601804  
1437132672.958377864    1437132672.956835796  
1437132672.998298916    1437132673.009890175  
1437132673.038249498    1437132673.036500372  
1437132673.078241525    1437132673.091103560  
1437132673.117201200    1437132673.118026572  
1437132673.157238591    1437132673.145255651  
1437132673.197123591    1437132673.199579122  
1437132673.237165300    1437132673.227036132  
1437132673.277016363    1437132673.281915392  
1437132673.316004523    1437132673.309005735  
1437132673.356021545    1437132673.362600098  
1437132673.395900754    1437132673.389467960  
1437132673.435929391    1437132673.443310256  
1437132673.475859030    1437132673.469549703  
1437132673.514774358    1437132673.523840924  
1437132673.554875108    1437132673.551045991  
1437132673.594711500    1437132673.606237960  
1437132673.634747662    1437132673.633074420  
1437132673.673614883    1437132673.660037832  
1437132673.713610088    1437132673.714397872  
1437132673.753566124    1437132673.740476979  
1437132673.793519499    1437132673.793551697  
1437132673.833518654    1437132673.846286500  
1437132673.872466642    1437132673.872905789  
1437132673.912406552    1437132673.898814667  
1437132673.952367355    1437132673.954011935  
1437132673.991309498    1437132673.981188135  
1437132674.031273951    1437132674.034762973  
1437132674.071252689    1437132674.060915978  
1437132674.111182191    1437132674.115995812  
1437132674.151099001    1437132674.161719458  
1437132674.190087010    1437132674.189004459  
1437132674.230138348    1437132674.242847816  
1437132674.269977919    1437132674.270487014  
1437132674.310010860    1437132674.297124126  
1437132674.349892627    1437132674.350522861  
1437132674.388888156    1437132674.378066824  
1437132674.428896180    1437132674.431960359  
1437132674.469749393    1437132674.458406051  
1437132674.508723406    1437132674.513532012  
1437132674.548704356    1437132674.540340210  
1437132674.587687329    1437132674.594977455  
1437132674.627768257    1437132674.621559258  
1437132674.667542743    1437132674.676608058  
1437132674.707578335    1437132674.703522553  
1437132674.747444494    1437132674.758704398  
1437132674.786419116    1437132674.785222482  
1437132674.826369884    1437132674.813521266  
1437132674.866288311    1437132674.867587996  
1437132674.906270027    1437132674.895780286  
1437132674.945223197    1437132674.950033799  
1437132674.985211232    1437132674.979372021  
1437132675.025138058    1437132675.034034955  
1437132675.065134191    1437132675.061031624  
1437132675.105050967    1437132675.116559134  
1437132675.144017264    1437132675.144873900  
1437132675.184038760    1437132675.173104819  
1437132675.223993113    1437132675.228389372  
1437132675.262902740    1437132675.255496693  
1437132675.303884664    1437132675.311511553  
1437132675.342851360    1437132675.339595023  
1437132675.382723326    1437132675.394588365  
1437132675.422682859    1437132675.421182949  
1437132675.461645939    1437132675.447770170  
1437132675.502605639    1437132675.500908107  
1437132675.541568495    1437132675.528606125  
1437132675.581974456    1437132675.581255979  
1437132675.640521934    1437132675.635708331  
1437132675.680451271    1437132675.689345545  
1437132675.722023110    1437132675.716406061  
1437132675.740344394    1437132675.744675464  
1437132675.800315798    1437132675.798802636  
1437132675.839253386    1437132675.825628931  
1437132675.879250991    1437132675.871243166  
1437132675.920191882    1437132675.923929219  
1437132675.959100663    1437132675.949675108  
1437132675.999050997    1437132676.003222240  
1437132676.038020522    1437132676.030362886  
1437132676.078054941    1437132676.084229979  
1437132676.117900745    1437132676.110736427  
1437132676.157851546    1437132676.164676869  
1437132676.198039798    1437132676.190963840  
1437132676.236804307    1437132676.244901575  
1437132676.276893152    1437132676.273486856  
1437132676.316698077    1437132676.327527633  
1437132676.356653545    1437132676.354908282  
1437132676.395627335    1437132676.407234775  
1437132676.435839067    1437132676.434331784  
1437132676.475596110    1437132676.463386976  
1437132676.515512032    1437132676.517810333  
1437132676.555487998    1437132676.545134524  
1437132676.594431961    1437132676.598282174  
1437132676.634420332    1437132676.625738593  
1437132676.674379954    1437132676.679750876  
1437132676.713288654    1437132676.706317412  
1437132676.754271014    1437132676.760749718  
1437132676.793255672    1437132676.788264765  
1437132676.833190402    1437132676.842509992  
1437132676.873253524    1437132676.868892305  
1437132676.912080962    1437132676.923796636  
1437132676.952243999    1437132676.951075965  
1437132676.992009155    1437132676.978764070  
1437132677.032006130    1437132677.032668239  
1437132677.071118478    1437132677.060553216  
1437132677.110880882    1437132677.114992689  
1437132677.150880219    1437132677.141921149  
1437132677.190820249    1437132677.195786340  
1437132677.230781779    1437132677.222634849  
1437132677.269727530    1437132677.276954810  
1437132677.309718825    1437132677.304227478  
1437132677.349693845    1437132677.360085288  
1437132677.389644485    1437132677.389117354  
1437132677.429645867    1437132677.416797817  
1437132677.468526725    1437132677.472305628  
1437132677.508496786    1437132677.498913010  
1437132677.548491443    1437132677.553117867  
1437132677.588434790    1437132677.579562274  
1437132677.627383748    1437132677.625388459  
1437132677.667361716    1437132677.678659121  
1437132677.707266196    1437132677.705024612  
1437132677.747277309    1437132677.756539278  
1437132677.786259191    1437132677.783734523  
1437132677.826218372    1437132677.837042146  
1437132677.866121734    1437132677.863884426  
1437132677.906026603    1437132677.917371710  
1437132677.945004513    1437132677.945103015  
1437132677.985041848    1437132677.971699479  
1437132678.025017835    1437132678.025264675  
1437132678.064850895    1437132678.051311025  
1437132678.104811773    1437132678.105515320  
1437132678.143753260    1437132678.131625489  
1437132678.183800794    1437132678.185567917  
1437132678.224704004    1437132678.212548187  
1437132678.263611192    1437132678.266517528  
1437132678.303615526    1437132678.293283128  
1437132678.342537834    1437132678.346792883  
1437132678.382498496    1437132678.373660943  
1437132678.423438521    1437132678.427958821  
1437132678.462435638    1437132678.453960195  
1437132678.502506617    1437132678.507729874  
1437132678.541352697    1437132678.533906999  
1437132678.581277409    1437132678.587775910  
1437132678.641249693    1437132678.642786911  
1437132678.681199193    1437132678.670024346  
1437132678.700248572    1437132678.696839640  
1437132678.720170005    1437132678.724444695  
1437132678.740124539    1437132678.750792134  
1437132678.780297737    1437132678.776846245  
1437132678.820123491    1437132678.829942884  
1437132678.860624555    1437132678.857092927  
1437132678.899007327    1437132678.909279862  
1437132678.939088890    1437132678.936316201  
1437132678.978899917    1437132678.990300570  
1437132679.018186109    1437132679.016162132  
1437132679.058832772    1437132679.071523453  
1437132679.097804336    1437132679.098089608  
1437132679.137726209    1437132679.126154508  
1437132679.196680317    1437132679.206280792  
1437132679.236684200    1437132679.232936287  
1437132679.257655099    1437132679.259933217  
1437132679.276598467    1437132679.286855950  
1437132679.296593886    1437132679.305317352  
1437132679.336572311    1437132679.330723074  
1437132679.375508274    1437132679.384661553  
1437132679.415523513    1437132679.410359610  
1437132679.455409522    1437132679.464511719  
1437132679.495455072    1437132679.490706156  
1437132679.535320080    1437132679.544172686  
1437132679.574334494    1437132679.570051861  
1437132679.614212455    1437132679.625335956  
1437132679.654178303    1437132679.651640100  
1437132679.694107136    1437132679.704121340  
1437132679.734193444    1437132679.730780115  
1437132679.793029179    1437132679.783885215  
1437132679.833142386    1437132679.836474817  
1437132679.852890192    1437132679.862910270  
1437132679.892925164    1437132679.889296355  
1437132679.932855776    1437132679.942227849  
1437132679.971912474    1437132679.967876652  
1437132680.011751184    1437132680.021293260  
1437132680.051842627    1437132680.048057232  
1437132680.091705339    1437132680.099977334  
1437132680.130720916    1437132680.127019681  
1437132680.170675935    1437132680.180781534  
1437132680.210628963    1437132680.207887272  
1437132680.250452744    1437132680.261153805  
1437132680.289544488    1437132680.287172191  
1437132680.329414719    1437132680.340396045  
1437132680.369492973    1437132680.366220649  
1437132680.429312171    1437132680.419569102  
1437132680.468283506    1437132680.472605162  
1437132680.488295666    1437132680.498335098  
1437132680.528303264    1437132680.525190911  
1437132680.568210409    1437132680.577971096  
1437132680.608208435    1437132680.604306432  
1437132680.647110019    1437132680.656512015  
1437132680.687334553    1437132680.682950971  
1437132680.728020317    1437132680.738630679  
1437132680.767008609    1437132680.764229685  
1437132680.806993606    1437132680.817536818  
1437132680.845941885    1437132680.844702136  
1437132680.885876712    1437132680.897147215  
1437132680.925880451    1437132680.924117342  
1437132680.965804230    1437132680.976990013  
1437132681.024744048    1437132681.023280765  
1437132681.064830177    1437132681.076387328  
1437132681.104672232    1437132681.103198501  
1437132681.124616040    1437132681.129792745  
1437132681.164607907    1437132681.156360591  
1437132681.203551442    1437132681.211300468  
1437132681.243508390    1437132681.239249330  
1437132681.283514966    1437132681.293551373  
1437132681.323480314    1437132681.321535029  
1437132681.362443055    1437132681.350195318  
1437132681.402380365    1437132681.405363139  
1437132681.442342278    1437132681.433695029  
1437132681.501259396    1437132681.487312184  
1437132681.541220409    1437132681.542840016  
1437132681.562201378    1437132681.571189098  
1437132681.601120593    1437132681.598697697  
1437132681.621132038    1437132681.625391180  
1437132681.661082316    1437132681.651227405  
1437132681.740018908    1437132681.732607898  
1437132681.780006575    1437132681.785118661  
1437132681.819929086    1437132681.811632081  
1437132681.859876450    1437132681.866991250  
1437132681.899128301    1437132681.893482085  
1437132681.938795893    1437132681.946255000  
1437132681.979766740    1437132681.974172464  
1437132682.018820044    1437132682.027799816  
1437132682.058686441    1437132682.053995786  
1437132682.097805635    1437132682.108520805  
1437132682.137566693    1437132682.135780844  
1437132682.177521937    1437132682.190207354  
1437132682.217573994    1437132682.216070060  
1437132682.257427066    1437132682.242997250  
1437132682.296378449    1437132682.297356430  
1437132682.336355299    1437132682.324918942  
1437132682.376326143    1437132682.377176257  
1437132682.416284606    1437132682.404609970  
1437132682.455241834    1437132682.459317531  
1437132682.495148145    1437132682.485893152  
1437132682.535107674    1437132682.538804761  
1437132682.575034554    1437132682.565741835  
1437132682.614052048    1437132682.618938772  
1437132682.654000344    1437132682.644678404  
1437132682.693920397    1437132682.701566720  
1437132682.733881098    1437132682.721289816  
1437132682.772818380    1437132682.773918444  
1437132682.813847118    1437132682.801002376  
1437132682.852769222    1437132682.855143061  
1437132682.892700208    1437132682.881745126  
1437132682.932698012    1437132682.934587662  
1437132682.971616588    1437132682.961521296  
1437132683.012648201    1437132683.014614952  
1437132683.051535170    1437132683.041746125  
1437132683.091500408    1437132683.094717875  
1437132683.130587061    1437132683.121935910  
1437132683.170401791    1437132683.174789422  
1437132683.210395549    1437132683.201285119  
1437132683.250372203    1437132683.254929137  
1437132683.290320365    1437132683.281825879  
1437132683.329271547    1437132683.333917488  
1437132683.369306626    1437132683.361670248  
1437132683.409157514    1437132683.415405605  
1437132683.449128216    1437132683.442335599  
1437132683.489074822    1437132683.495836610  
1437132683.528113784    1437132683.523645423  
1437132683.568039122    1437132683.577224547  
1437132683.608073676    1437132683.605458620  
1437132683.647941913    1437132683.658118427  
1437132683.686861875    1437132683.685504749  
1437132683.726787153    1437132683.739469959  
1437132683.766956789    1437132683.766287293  
1437132683.806716293    1437132683.792703978  
1437132683.846757369    1437132683.848312617  
1437132683.885668222    1437132683.874450334  
1437132683.925591713    1437132683.927510044  
1437132683.965662860    1437132683.956072000  
1437132684.005496066    1437132684.009471658  
1437132684.044445321    1437132684.036972823  
1437132684.084386087    1437132684.090331600  
1437132684.124369731    1437132684.117814539  
1437132684.164538287    1437132684.171833024  
1437132684.203260340    1437132684.200892731  
1437132684.243297040    1437132684.255957886  
1437132684.283183119    1437132684.282474943  
1437132684.323152728    1437132684.309265039  
1437132684.363180428    1437132684.364040474  
1437132684.402064918    1437132684.390248899  
1437132684.442091337    1437132684.438172899  
1437132684.483094032    1437132684.489122580  
1437132684.522032521    1437132684.516766976  
1437132684.580899606    1437132684.570836684  
1437132684.620863417    1437132684.623889557  
1437132684.640868261    1437132684.650995617  
1437132684.680943258    1437132684.677599639  
1437132684.720757994    1437132684.730170150  
1437132684.759779397    1437132684.756537041  
1437132684.799665463    1437132684.808983234  
1437132684.839668069    1437132684.835203871  
1437132684.879684739    1437132684.886703323  
1437132684.918552611    1437132684.912668603  
1437132684.958507646    1437132684.964376471  
1437132684.998483461    1437132684.989587357  
1437132685.038397548    1437132685.040024884  
1437132685.077364911    1437132685.065406175  
1437132685.137308121    1437132685.142773964  
1437132685.177296749    1437132685.168849824  
1437132685.197703290    1437132685.193997812  
1437132685.217225864    1437132685.219930270  
1437132685.237185672    1437132685.245284956  
1437132685.276182064    1437132685.271095355  
1437132685.317156430    1437132685.322425002  
1437132685.356059982    1437132685.346820113  
1437132685.396017157    1437132685.396979272  
1437132685.435057755    1437132685.445167342  
1437132685.474984026    1437132685.470615316  
1437132685.515961310    1437132685.521090840  
1437132685.554840526    1437132685.545655407  
1437132685.594825971    1437132685.596602195  
1437132685.633840272    1437132685.623195531  
1437132685.673727260    1437132685.673938046  
1437132685.713786265    1437132685.700948319  
1437132685.753654999    1437132685.752270103  
1437132685.812573783    1437132685.803698774  
1437132685.852527676    1437132685.856339469  
1437132685.872488488    1437132685.882271173  
1437132685.912615613    1437132685.907240748  
1437132685.952409724    1437132685.959027412  
1437132685.991388537    1437132685.985790794  
1437132686.031584755    1437132686.036618959  
1437132686.071309474    1437132686.061766643  
1437132686.111332151    1437132686.104511341  
1437132686.151265266    1437132686.155324799  
1437132686.190179949    1437132686.179836264  
1437132686.230175876    1437132686.230044472  
1437132686.270107784    1437132686.280381791  
1437132686.329084170    1437132686.329968163  
1437132686.369013036    1437132686.379645905  
1437132686.409070702    1437132686.403184772  
1437132686.429455597    1437132686.428137412  
1437132686.468902200    1437132686.479612828  
1437132686.507893242    1437132686.505924339  
1437132686.547818425    1437132686.534400139  
1437132686.587765219    1437132686.589668760  
1437132686.627750834    1437132686.616723738  
1437132686.667741044    1437132686.669046907  
1437132686.706668876    1437132686.696089483  
1437132686.746590028    1437132686.751491843  
1437132686.786530928    1437132686.778618074  
1437132686.826479387    1437132686.832047740  
1437132686.866448773    1437132686.859819652  
1437132686.905416248    1437132686.914093715  
1437132686.945457513    1437132686.941203459  
1437132686.985334319    1437132686.995178842  
1437132687.025291898    1437132687.022904275  
1437132687.045234737    1437132687.049160421  
1437132687.084214362    1437132687.076981658  
1437132687.104252437    1437132687.103796446  
1437132687.124192843    1437132687.130347708  
1437132687.164277753    1437132687.157428459  
1437132687.224038124    1437132687.213583451  
1437132687.263054088    1437132687.268697334  
1437132687.303001877    1437132687.294994306  
1437132687.323009752    1437132687.322338104  
1437132687.382882932    1437132687.377410152  
1437132687.422834498    1437132687.432531706  
1437132687.461971721    1437132687.459704826  
1437132687.501761882    1437132687.488747242  
1437132687.541720622    1437132687.544945722  
1437132687.580699901    1437132687.572437790  
1437132687.640642112    1437132687.627307814  
1437132687.680619089    1437132687.683460390  
1437132687.720542534    1437132687.711600256  
1437132687.739570219    1437132687.739121983  
1437132687.759652712    1437132687.766269754  
1437132687.820418253    1437132687.811760255  
1437132687.859558915    1437132687.864961826  
1437132687.899362182    1437132687.890973721  
1437132687.938377341    1437132687.946370003  
1437132687.978536519    1437132687.972639799  
1437132688.019306626    1437132688.026633343  
1437132688.058542235    1437132688.053800069  
1437132688.117208600    1437132688.108572041  
1437132688.157177464    1437132688.162634667  
1437132688.197108742    1437132688.188776931  
1437132688.217054255    1437132688.217406964  
1437132688.257039632    1437132688.245404336  
1437132688.296025240    1437132688.300707923  
1437132688.335942680    1437132688.326982311  
1437132688.375926492    1437132688.379911921  
1437132688.415874887    1437132688.406361328  
1437132688.455810043    1437132688.459890947  
1437132688.494792108    1437132688.485722931  
1437132688.534764194    1437132688.538982464  
1437132688.574779039    1437132688.566005038  
1437132688.613689082    1437132688.618969845  
1437132688.654646522    1437132688.645186217  
1437132688.693624477    1437132688.699502955  
1437132688.733578717    1437132688.725718399  
1437132688.792712658    1437132688.804783753  
1437132688.832470987    1437132688.832033325  
1437132688.853456029    1437132688.858914091  
1437132688.892415814    1437132688.885193792  
1437132688.932344377    1437132688.938125382  
1437132688.971301763    1437132688.965785422  
1437132689.011270017    1437132689.019343263  
1437132689.051324534    1437132689.045392323  
1437132689.091231032    1437132689.100507946  
1437132689.131247216    1437132689.127887787  
1437132689.170092372    1437132689.155511825  
1437132689.210219493    1437132689.211652933  
1437132689.250002478    1437132689.239077694  
1437132689.290000405    1437132689.295761151  
1437132689.348895207    1437132689.350815169  
1437132689.388901525    1437132689.377232141  
1437132689.409139186    1437132689.404932675  
1437132689.429045117    1437132689.431961313  
1437132689.448822779    1437132689.457705610  
1437132689.488833420    1437132689.485463365  
1437132689.527861981    1437132689.532629464  
1437132689.567676607    1437132689.558581233  
1437132689.607732030    1437132689.611700685  
1437132689.647585228    1437132689.637708728  
1437132689.687533844    1437132689.690763177  
1437132689.726523146    1437132689.718690608  
1437132689.766424868    1437132689.771546835  
1437132689.806487331    1437132689.799503293  
1437132689.845391830    1437132689.853487811  
1437132689.885352797    1437132689.880123380  
1437132689.945334754    1437132689.933055083  
1437132689.985245276    1437132689.986363790  
1437132690.005243440    1437132690.012670814  
1437132690.044246416    1437132690.039192407  
1437132690.064171119    1437132690.065475644  
1437132690.124281833    1437132690.119314629  
1437132690.164080450    1437132690.172317346  
1437132690.204114622    1437132690.198850318  
1437132690.243032887    1437132690.252555338  
1437132690.283050227    1437132690.279063552  
1437132690.322936540    1437132690.331703129  
1437132690.362937658    1437132690.358964422  
1437132690.401878717    1437132690.411279072  
1437132690.441992345    1437132690.437735506  
1437132690.481769021    1437132690.490375430  
1437132690.521787707    1437132690.517105636  
1437132690.580651266    1437132690.571105007  
1437132690.620621782    1437132690.624879966  
1437132690.660638096    1437132690.652590062  
1437132690.680567837    1437132690.679854116  
1437132690.719504312    1437132690.707292004  
1437132690.759451374    1437132690.761557906  
1437132690.799437044    1437132690.790242416  
1437132690.839361349    1437132690.844477492  
1437132690.879438371    1437132690.871820432  
1437132690.918304199    1437132690.925417113  
1437132690.958302422    1437132690.954218016  
1437132690.998190866    1437132691.007911734  
1437132691.038146109    1437132691.035891180  
1437132691.097288558    1437132691.089769911  
1437132691.137022743    1437132691.144137444  
1437132691.177020918    1437132691.170962318  
1437132691.197000097    1437132691.197773240  
1437132691.237002048    1437132691.243479425  
1437132691.275955922    1437132691.271081896  
1437132691.315843756    1437132691.324502002  
1437132691.356992006    1437132691.351683556  
1437132691.395744122    1437132691.406036950  
1437132691.435729957    1437132691.434283751  
1437132691.474788594    1437132691.486768538  
1437132691.514627650    1437132691.514678131  
1437132691.554789005    1437132691.541949038  
1437132691.594588347    1437132691.594339910  
1437132691.634487763    1437132691.620723285  
1437132691.673643889    1437132691.674396831  
1437132691.713452972    1437132691.700358608  
1437132691.753463703    1437132691.753220483  
1437132691.813298008    1437132691.807333105  
1437132691.852342773    1437132691.860143300  
1437132691.892213943    1437132691.886150038  
1437132691.912176460    1437132691.912680266  
1437132691.952191231    1437132691.939498197  
1437132691.992117269    1437132691.993170170  
1437132692.031081350    1437132692.019648438  
1437132692.071051381    1437132692.073477372  
1437132692.111011878    1437132692.100689724  
1437132692.150072701    1437132692.153093458  
1437132692.190967322    1437132692.179757880  
1437132692.229884732    1437132692.233310193  
1437132692.269813647    1437132692.260031864  
1437132692.328794190    1437132692.340701564  
1437132692.368707090    1437132692.366989785  
1437132692.388791994    1437132692.393403085  
1437132692.409674920    1437132692.419434750  
1437132692.448637843    1437132692.446186476  
1437132692.488633206    1437132692.499332036  
1437132692.527600886    1437132692.525703555  
1437132692.567524262    1437132692.579528795  
1437132692.608562673    1437132692.605364200  
1437132692.647462954    1437132692.659325040  
1437132692.687410214    1437132692.685228688  
1437132692.726397563    1437132692.712752115  
1437132692.766372636    1437132692.765928681  
1437132692.806275643    1437132692.792035186  
1437132692.846221623    1437132692.846315086  
1437132692.886206066    1437132692.871923090  
1437132692.925214842    1437132692.920431018  
1437132692.965129765    1437132692.971779253  
1437132693.005194373    1437132693.000624716  
1437132693.045057986    1437132693.052110107  
1437132693.084034773    1437132693.078888536  
1437132693.124165038    1437132693.131687060  
1437132693.163949341    1437132693.158482041  
1437132693.203015568    1437132693.211654577  
1437132693.243888587    1437132693.237738933  
1437132693.282813728    1437132693.291522366  
1437132693.322804268    1437132693.318539895  
1437132693.362739145    1437132693.371523647  
1437132693.401814312    1437132693.399077049  
1437132693.442645525    1437132693.452268018  
1437132693.481623102    1437132693.479673821  
1437132693.521567866    1437132693.532430236  
1437132693.560586144    1437132693.559327753  
1437132693.600514515    1437132693.611564236  
1437132693.640510224    1437132693.638293619  
1437132693.680386721    1437132693.690914645  
1437132693.720510264    1437132693.717597648  
1437132693.759303920    1437132693.771515398  
1437132693.799308764    1437132693.797922653  
1437132693.839192516    1437132693.850016588  
1437132693.879136438    1437132693.876915662  
1437132693.919068597    1437132693.929888391  
1437132693.958076196    1437132693.957661048  
1437132693.998029810    1437132693.984173092  
1437132694.038036024    1437132694.038171544  
1437132694.077907553    1437132694.064650527  
1437132694.117858834    1437132694.117906375  
1437132694.156821744    1437132694.144855568  
1437132694.196761744    1437132694.198298438  
1437132694.236697996    1437132694.224344532  
1437132694.276840432    1437132694.279683247  
1437132694.316592789    1437132694.305637436  
1437132694.355569417    1437132694.359449489  
1437132694.395611817    1437132694.385606066  
1437132694.435488521    1437132694.439573099  
1437132694.474422287    1437132694.466271250  
1437132694.514431367    1437132694.519860531  
1437132694.554396842    1437132694.546545315  
1437132694.594316460    1437132694.600211409  
1437132694.634306875    1437132694.644172600  
1437132694.673504808    1437132694.670566532  
1437132694.713218070    1437132694.724054769  
1437132694.753204579    1437132694.750813310  
1437132694.793139772    1437132694.804634661  
1437132694.832077480    1437132694.832412100  
1437132694.872041676    1437132694.859345352  
1437132694.913023569    1437132694.912230020  
1437132694.952067336    1437132694.939150631  
1437132694.991910532    1437132694.992458363  
1437132695.030864961    1437132695.018949791  
1437132695.070856520    1437132695.073979650  
1437132695.111800542    1437132695.101106450  
1437132695.150771415    1437132695.155818337  
1437132695.190728975    1437132695.182523818  
1437132695.229681508    1437132695.237148778  
1437132695.269669785    1437132695.264042106  
1437132695.309577440    1437132695.316361473  
1437132695.349879650    1437132695.344607351  
1437132695.408472438    1437132695.398244526  
1437132695.448454524    1437132695.452537808  
1437132695.468447089    1437132695.478865561  
1437132695.508368381    1437132695.506544178  
1437132695.548375592    1437132695.560961686  
1437132695.587293627    1437132695.587252224  
1437132695.627256212    1437132695.614053607  
1437132695.667222494    1437132695.668658934  
1437132695.707182196    1437132695.695828767  
1437132695.747144302    1437132695.748905753  
1437132695.786152355    1437132695.775528257  
1437132695.826053145    1437132695.829573163  
1437132695.866011062    1437132695.856476903  
1437132695.925006950    1437132695.910839376  
1437132695.964923801    1437132695.965339893  
1437132695.984894677    1437132695.992973988  
1437132696.024888053    1437132696.019742103  
1437132696.044850393    1437132696.046685482  
1437132696.103867492    1437132696.100034015  
1437132696.144758682    1437132696.154448330  
1437132696.183691128    1437132696.181675811  
1437132696.203665072    1437132696.209069520  
1437132696.223649741    1437132696.235668259  
1437132696.302678790    1437132696.292273700  
1437132696.342658658    1437132696.338044570  
1437132696.382466508    1437132696.391963792  
1437132696.422404493    1437132696.418924512  
1437132696.481322780    1437132696.473292013  
1437132696.541269256    1437132696.527482911  
1437132696.562266073    1437132696.554318619  
1437132696.581219645    1437132696.582765347  
1437132696.641193450    1437132696.638183801  
1437132696.680094597    1437132696.693221111  
1437132696.720049725    1437132696.720641689  
1437132696.740206388    1437132696.748489967  
1437132696.760021310    1437132696.775083845  
1437132696.800046315    1437132696.801343947  
1437132696.839905778    1437132696.829285055  
1437132696.878886096    1437132696.884464969  
1437132696.918943806    1437132696.912234916  
1437132696.958788129    1437132696.966706310  
1437132696.998905456    1437132696.994260839  
1437132697.037870802    1437132697.048966202  
1437132697.077678385    1437132697.076824309  
1437132697.117626725    1437132697.104429664  
1437132697.157566901    1437132697.157921419  
1437132697.197657720    1437132697.184834867  
1437132697.236458992    1437132697.239208768  
1437132697.276470881    1437132697.265679779  
1437132697.316412068    1437132697.321342540  
1437132697.355366330    1437132697.348625045  
1437132697.396384928    1437132697.403066571  
1437132697.435349115    1437132697.429470068  
1437132697.475209954    1437132697.482986079  
1437132697.515182502    1437132697.510035193  
1437132697.554151973    1437132697.564049695  
1437132697.594223657    1437132697.591369501  
1437132697.634115199    1437132697.645876838  
1437132697.674026033    1437132697.672537125  
1437132697.713039329    1437132697.699500106  
1437132697.752956339    1437132697.753022994  
1437132697.792974257    1437132697.780505351  
1437132697.832899367    1437132697.836244469  
1437132697.872822453    1437132697.862771902  
1437132697.912774024    1437132697.915772608  
1437132697.951869588    1437132697.943058150  
1437132697.991731868    1437132697.996840600  
1437132698.031703194    1437132698.023325019  
1437132698.071609538    1437132698.070568926  
1437132698.110583572    1437132698.096365739  
1437132698.150674260    1437132698.150733032  
1437132698.190509591    1437132698.177999464  
1437132698.230470242    1437132698.230534437  
1437132698.270423391    1437132698.258408962  
1437132698.309421939    1437132698.311404846  
1437132698.349337079    1437132698.338619614  
1437132698.389322368    1437132698.393209682  
1437132698.428263016    1437132698.421272381  
1437132698.468235560    1437132698.475990510  
1437132698.508211552    1437132698.503351570  
1437132698.548128276    1437132698.557448712  
1437132698.588610987    1437132698.583644235  
1437132698.627052293    1437132698.637879801  
1437132698.667159365    1437132698.664283519  
1437132698.707048627    1437132698.692408735  
1437132698.746960829    1437132698.747571159  
1437132698.785972773    1437132698.776084862  
1437132698.825822301    1437132698.831786491  
1437132698.866900360    1437132698.859141120  
1437132698.905811558    1437132698.911320863  
1437132698.945749531    1437132698.939111311  
1437132698.984694062    1437132698.993740149  
1437132699.024606978    1437132699.022009953  
1437132699.065582145    1437132699.075014698  
1437132699.104495008    1437132699.102430682  
1437132699.144451537    1437132699.156085996  
1437132699.183461900    1437132699.182638528  
1437132699.223300948    1437132699.209145975  
1437132699.263319730    1437132699.263176122  
1437132699.303290464    1437132699.291069176  
1437132699.343302309    1437132699.344712539  
1437132699.382255417    1437132699.370340764  
1437132699.422178202    1437132699.424533724  
1437132699.462117589    1437132699.450950843  
1437132699.521075030    1437132699.530446946  
1437132699.561417482    1437132699.557832112  
1437132699.601062512    1437132699.610895356  
1437132699.641118185    1437132699.636806670  
1437132699.679901352    1437132699.692102488  
1437132699.719876485    1437132699.719773013  
1437132699.759818907    1437132699.747284839  
1437132699.799873908    1437132699.792948894  
1437132699.839693364    1437132699.844707919  
1437132699.878675022    1437132699.870504769  
1437132699.918628169    1437132699.924294158  
1437132699.958590814    1437132699.951058912  
1437132699.998722244    1437132700.005156598  
1437132700.037624695    1437132700.030883241  
1437132700.077450691    1437132700.084900948  
1437132700.118503680    1437132700.111515492  
1437132700.157343768    1437132700.163875020  
1437132700.197288081    1437132700.191429421  
1437132700.236277655    1437132700.247210359  
1437132700.276236379    1437132700.275991633  
1437132700.317262118    1437132700.329307394  
1437132700.356100400    1437132700.357584470  
1437132700.396054668    1437132700.384593643  
1437132700.435099276    1437132700.439460052  
1437132700.475018105    1437132700.465184434  
1437132700.515102866    1437132700.519517988  
1437132700.554934351    1437132700.545718088  
1437132700.594925882    1437132700.600295616  
1437132700.633859424    1437132700.626205596  
1437132700.673824191    1437132700.679426098  
1437132700.713763923    1437132700.706670803  
1437132700.753713927    1437132700.759085408  
1437132700.792673041    1437132700.786198607  
1437132700.832682728    1437132700.839962579  
1437132700.872578709    1437132700.866090003  
1437132700.912544905    1437132700.919252150  
1437132700.952498550    1437132700.946172596  
1437132700.991505841    1437132701.000209959  
1437132701.031713560    1437132701.025789878  
1437132701.071292191    1437132701.080140671  
1437132701.111361988    1437132701.107056531  
1437132701.151249669    1437132701.160834700  
1437132701.190338793    1437132701.187444670  
1437132701.230167996    1437132701.242430489  
1437132701.270109964    1437132701.269461454  
1437132701.310099831    1437132701.321885947  
1437132701.349078363    1437132701.349488613  
1437132701.389061358    1437132701.376850255  
1437132701.428945568    1437132701.429981949  
1437132701.468869080    1437132701.456772630  
1437132701.507906591    1437132701.501763248  
1437132701.547799618    1437132701.554683220  
1437132701.587777713    1437132701.580247578  
1437132701.627698024    1437132701.634747740  
1437132701.667670185    1437132701.661026289  
1437132701.706625880    1437132701.714360025  
1437132701.746582700    1437132701.741306209  
1437132701.786561404    1437132701.794938895  
1437132701.826499278    1437132701.822572787  
1437132701.866467716    1437132701.874819249  
1437132701.905490658    1437132701.901187353  
1437132701.945340093    1437132701.955932400  
1437132701.986414998    1437132701.981837512  
1437132702.025242459    1437132702.036369782  
1437132702.065394097    1437132702.063420728  
1437132702.104172062    1437132702.090718684  
1437132702.144218486    1437132702.143788985  
1437132702.184190294    1437132702.170747401  
1437132702.224043703    1437132702.224310389  
1437132702.263121272    1437132702.251772326  
1437132702.303040111    1437132702.306313329  
1437132702.342934945    1437132702.333040762  
1437132702.382897160    1437132702.387661536  
1437132702.422836018    1437132702.413784444  
1437132702.461813815    1437132702.467612855  
1437132702.501781191    1437132702.494763899  
1437132702.541717616    1437132702.548692822  
1437132702.581706096    1437132702.574762203  
1437132702.640650207    1437132702.627637594  
1437132702.680596747    1437132702.680542852  
1437132702.700574753    1437132702.706675176  
1437132702.740748750    1437132702.734615434  
1437132702.779476854    1437132702.788308165  
1437132702.820457885    1437132702.816388153  
1437132702.859450312    1437132702.869235067  
1437132702.899359299    1437132702.896069148  
1437132702.939281337    1437132702.949800167  
1437132702.978207622    1437132702.976524749  
1437132703.019156685    1437132703.030139230  
1437132703.058201624    1437132703.057048267  
1437132703.098108349    1437132703.109447994  
1437132703.157039152    1437132703.162802051  
1437132703.197030231    1437132703.189565940  
1437132703.238220076    1437132703.234201799  
1437132703.276917032    1437132703.287366642  
1437132703.317173707    1437132703.313510031  
1437132703.355826012    1437132703.366735462  
1437132703.395805253    1437132703.394432561  
1437132703.436992841    1437132703.448514517  
1437132703.475703124    1437132703.477070487  
1437132703.515678453    1437132703.503631074  
1437132703.554645623    1437132703.556840172  
1437132703.594616310    1437132703.584029343  
1437132703.634710604    1437132703.641621239  
1437132703.674556028    1437132703.668837094  
1437132703.713496667    1437132703.724485201  
1437132703.753661658    1437132703.752027900  
1437132703.793437281    1437132703.779814812  
1437132703.833390461    1437132703.834702728  
1437132703.873294091    1437132703.861007390  
1437132703.912289766    1437132703.915965424  
1437132703.952223644    1437132703.942859734  
1437132703.992204155    1437132703.996448458  
1437132704.031198905    1437132704.023219597  
1437132704.072101114    1437132704.076803180  
1437132704.111079840    1437132704.103632318  
1437132704.151034130    1437132704.156375941  
1437132704.191036249    1437132704.183499347  
1437132704.230195669    1437132704.238161293  
1437132704.270901779    1437132704.265984712  
1437132704.309890581    1437132704.319677110  
1437132704.349866122    1437132704.346270039  
1437132704.388782236    1437132704.398954422  
1437132704.428919237    1437132704.424514070  
1437132704.468667889    1437132704.478274505  
1437132704.508710798    1437132704.504891226  
1437132704.548604284    1437132704.558646040  
1437132704.587545863    1437132704.585758339  
1437132704.627508499    1437132704.638380988  
1437132704.667471085    1437132704.664708775  
1437132704.707450512    1437132704.717087040  
1437132704.747389830    1437132704.744385762  
1437132704.786412103    1437132704.797723692  
1437132704.826297740    1437132704.824018764  
1437132704.866249678    1437132704.877193281  
1437132704.906236362    1437132704.904513706  
1437132704.946235352    1437132704.948908109  
1437132704.985437413    1437132704.975173042  
1437132705.025174708    1437132705.029304397  
1437132705.065120891    1437132705.055954734  
1437132705.105094594    1437132705.110093242  
1437132705.144114345    1437132705.138090208  
1437132705.184084740    1437132705.190690734  
1437132705.223935760    1437132705.217568573  
1437132705.263895085    1437132705.271970660  
1437132705.302913123    1437132705.298894499  
1437132705.342813137    1437132705.353011800  
1437132705.383046236    1437132705.379179729  
1437132705.422739543    1437132705.434809049  
1437132705.461779934    1437132705.461083842  
1437132705.501667797    1437132705.487867122  
1437132705.541672146    1437132705.541206135  
1437132705.581718342    1437132705.570105905  
1437132705.621510880    1437132705.624758552  
1437132705.660573781    1437132705.652664387  
1437132705.700458708    1437132705.706087013  
1437132705.741422565    1437132705.733306275  
1437132705.780420727    1437132705.788804475  
1437132705.820420631    1437132705.816468325  
1437132705.859291430    1437132705.869621628  
1437132705.899302259    1437132705.896389870  
1437132705.940191034    1437132705.949502525  
1437132705.979358519    1437132705.976108125  
1437132706.019078972    1437132706.031059974  
1437132706.058094469    1437132706.057810689  
1437132706.098024528    1437132706.085455543  
1437132706.138056038    1437132706.137838866  
1437132706.177943359    1437132706.164775546  
1437132706.236933967    1437132706.245654563  
1437132706.277175623    1437132706.272555421  
1437132706.316806821    1437132706.327707733  
1437132706.356791178    1437132706.354547292  
1437132706.396745564    1437132706.407211363  
1437132706.435693010    1437132706.435132091  
1437132706.475619756    1437132706.461892529  
1437132706.515697327    1437132706.515628586  
1437132706.555559943    1437132706.542601713  
1437132706.594585317    1437132706.595885017  
1437132706.634531876    1437132706.641580506  
1437132706.674446835    1437132706.667333619  
1437132706.714400325    1437132706.720807630  
1437132706.753477153    1437132706.748507631  
1437132706.793351682    1437132706.801129234  
1437132706.833421729    1437132706.828400605  
1437132706.873260077    1437132706.883946084  
1437132706.912226891    1437132706.910987718  
1437132706.952421377    1437132706.963918973  
1437132706.992178276    1437132706.991781479  
1437132707.032246213    1437132707.044328747  
1437132707.072088004    1437132707.071025416  
1437132707.111029563    1437132707.097739126  
1437132707.192019538    1437132707.179244979  
1437132707.230903653    1437132707.233056076  
1437132707.270859244    1437132707.261275091  
1437132707.309904404    1437132707.315235577  
1437132707.349759162    1437132707.342210599  
1437132707.390749303    1437132707.396134086  
1437132707.429774303    1437132707.422386384  
1437132707.469636711    1437132707.478610378  
1437132707.508711676    1437132707.504533094  
1437132707.548577924    1437132707.557728526  
1437132707.588615652    1437132707.584564055  
1437132707.628682231    1437132707.638321695  
1437132707.668505307    1437132707.665253053  
1437132707.707463700    1437132707.720004771  
1437132707.747408531    1437132707.748194107  
1437132707.787342694    1437132707.775180113  
1437132707.827339175    1437132707.829081307  
1437132707.866253845    1437132707.855072394  
1437132707.906239579    1437132707.907896895  
1437132707.946242470    1437132707.935373364  
1437132707.986191123    1437132707.987423846  
1437132708.026270410    1437132708.015842305  
1437132708.065093402    1437132708.069774579  
1437132708.105040594    1437132708.097592245  
1437132708.145062043    1437132708.150519520  
1437132708.184040932    1437132708.177542296  
1437132708.224989512    1437132708.232055367  
1437132708.263936062    1437132708.259381423  
1437132708.303843527    1437132708.312336934  
1437132708.343802393    1437132708.338800335  
1437132708.382809779    1437132708.386277760  
1437132708.422780484    1437132708.414010312  
1437132708.462714648    1437132708.470981805  
1437132708.502688238    1437132708.497812770  
1437132708.541801962    1437132708.550776650  
1437132708.581642266    1437132708.577191165  
1437132708.621463042    1437132708.631630928  
1437132708.661517557    1437132708.657619435  
1437132708.701411004    1437132708.709340053  
1437132708.741445746    1437132708.736702863  
1437132708.780420229    1437132708.790056005  
1437132708.820293377    1437132708.816610703  
1437132708.860357084    1437132708.869068846  
1437132708.901123709    1437132708.895438877  
1437132708.939172475    1437132708.948449643  
1437132708.979429058    1437132708.974643599  
1437132709.019115924    1437132709.027512191  
1437132709.059111887    1437132709.055284391  
1437132709.099029384    1437132709.107012115  
1437132709.138085998    1437132709.133147803  
1437132709.177961057    1437132709.186803681  
1437132709.217946032    1437132709.213271833  
1437132709.257836993    1437132709.265509421  
1437132709.316808166    1437132709.319005030  
1437132709.356801445    1437132709.344743959  
1437132709.376765019    1437132709.371454424  
1437132709.396711094    1437132709.397750380  
1437132709.416671545    1437132709.423866745  
1437132709.456237081    1437132709.451684388  
1437132709.495606619    1437132709.503733345  
1437132709.535603904    1437132709.530249620  
1437132709.575565085    1437132709.582632644  
1437132709.615502668    1437132709.608693203  
1437132709.654473114    1437132709.661311372  
1437132709.694458050    1437132709.688207309  
1437132709.734384192    1437132709.741216936  
1437132709.774510772    1437132709.767496859  
1437132709.813301640    1437132709.820472006  
1437132709.853307756    1437132709.847273479  
1437132709.894279237    1437132709.899439880  
1437132709.953183457    1437132709.952616012  
1437132709.992163383    1437132709.980142439  
1437132710.012101469    1437132710.006087633  
1437132710.052064422    1437132710.051494695  
1437132710.093349593    1437132710.101848683  
1437132710.132163384    1437132710.128264411  
1437132710.171909414    1437132710.182441465  
1437132710.210876667    1437132710.208624619  
1437132710.250826582    1437132710.262671793  
1437132710.290781426    1437132710.289009430  
1437132710.330940380    1437132710.341967884  
1437132710.370703892    1437132710.368245036  
1437132710.409673153    1437132710.421282632  
1437132710.449804650    1437132710.447736960  
1437132710.489627718    1437132710.501355247  
1437132710.529597494    1437132710.527359355  
1437132710.588482652    1437132710.580145176  
1437132710.628399939    1437132710.632822393  
1437132710.648585385    1437132710.658399905  
1437132710.688377955    1437132710.684764738  
1437132710.708300414    1437132710.711308182  
1437132710.767304044    1437132710.763417601  
1437132710.807201241    1437132710.817483353  
1437132710.847485872    1437132710.843563686  
1437132710.887135363    1437132710.896616673  
1437132710.930061395    1437132710.922138041  
1437132710.966045259    1437132710.975170434  
1437132711.006055994    1437132711.002006469  
1437132711.046038807    1437132711.053838900  
1437132711.104937049    1437132711.106485353  
1437132711.145877605    1437132711.134487954  
1437132711.184839961    1437132711.186032498  
1437132711.204835131    1437132711.212311520  
1437132711.263788197    1437132711.264566473  
1437132711.303734134    1437132711.290674760  
1437132711.344656456    1437132711.344007932  
1437132711.363618899    1437132711.370281215  
1437132711.383656218    1437132711.397649665  
1437132711.423661829    1437132711.423798813  
1437132711.462523994    1437132711.450332566  
1437132711.502497456    1437132711.503638697  
1437132711.542485428    1437132711.530402230  
1437132711.582434964    1437132711.582022716  
1437132711.622523667    1437132711.609228609  
1437132711.661308395    1437132711.661586058  
1437132711.701283807    1437132711.687680639  
1437132711.741309779    1437132711.734583036  
1437132711.781195223    1437132711.785957628  
1437132711.821244476    1437132711.811705200  
1437132711.860179246    1437132711.863704841  
1437132711.900086243    1437132711.890412637  
1437132711.940040743    1437132711.942506214  
1437132711.980013110    1437132711.968566214  
1437132712.019891323    1437132712.020355379  
1437132712.058924375    1437132712.046223066  
1437132712.098812343    1437132712.100408706  
1437132712.138843129    1437132712.126994106  
1437132712.178720947    1437132712.182720560  
1437132712.217675367    1437132712.208540957  
1437132712.257576923    1437132712.262074573  
1437132712.297607275    1437132712.287689755  
1437132712.337556596    1437132712.340765296  
1437132712.376499162    1437132712.366532908  
1437132712.416419450    1437132712.419405978  
1437132712.456504023    1437132712.446181292  
1437132712.496357650    1437132712.498347428  
1437132712.536330170    1437132712.524481574  
1437132712.575341344    1437132712.576535457  
1437132712.615231396    1437132712.602492437  
1437132712.655365881    1437132712.657319535  
1437132712.695147522    1437132712.683589633  
1437132712.734101020    1437132712.735437901  
1437132712.774214885    1437132712.762203041  
1437132712.814029808    1437132712.815239812  
1437132712.854202357    1437132712.841008270  
1437132712.893962341    1437132712.893696514  
1437132712.932908423    1437132712.920023638  
1437132712.973038991    1437132712.972516558  
1437132713.013781651    1437132713.025201316  
1437132713.052744617    1437132713.051417654  
1437132713.092680823    1437132713.104102177  
1437132713.131665601    1437132713.131709306  
1437132713.171733878    1437132713.184022432  
1437132713.212586617    1437132713.211284516  
1437132713.251470336    1437132713.263813196  
1437132713.291499355    1437132713.290534494  
1437132713.330472527    1437132713.343180785  
1437132713.370686701    1437132713.369672296  
1437132713.410378351    1437132713.415931580  
1437132713.450343986    1437132713.441813437  
1437132713.489320358    1437132713.495368130  
1437132713.529273849    1437132713.521553637  
1437132713.569205513    1437132713.574472508  
1437132713.609194376    1437132713.600518726  
1437132713.649127163    1437132713.654760593  
1437132713.688140837    1437132713.681666371  
1437132713.728051101    1437132713.733910834  
1437132713.768023115    1437132713.760664266  
1437132713.806939316    1437132713.813353620  
1437132713.847913672    1437132713.839282046  
1437132713.886952473    1437132713.891643435  
1437132713.926795962    1437132713.917720082  
1437132713.966745018    1437132713.970173631  
1437132714.005742182    1437132713.995911103  
1437132714.046683594    1437132714.046629309  
1437132714.125640397    1437132714.122192557  
1437132714.164552626    1437132714.172014092  
1437132714.204602351    1437132714.196622472  
1437132714.225668931    1437132714.221083497  
1437132714.244468741    1437132714.246883318  
1437132714.265399554    1437132714.272183163  
1437132714.344323735    1437132714.347728066  
1437132714.383312312    1437132714.372795160  
1437132714.403371867    1437132714.397587465  
1437132714.423485802    1437132714.422533997  
1437132714.443215054    1437132714.447479361  
1437132714.483192368    1437132714.472671422  
1437132714.562089812    1437132714.548975939  
1437132714.602424340    1437132714.599672804  
1437132714.642340196    1437132714.649105048  
1437132714.701028979    1437132714.699937776  
1437132714.741047597    1437132714.749453017  
1437132714.780906673    1437132714.775315771  
1437132714.800948693    1437132714.799814162  
1437132714.840850397    1437132714.849603897  
1437132714.880847169    1437132714.875960594  
1437132714.919992470    1437132714.926133196  
1437132714.959717605    1437132714.950426207  
1437132714.999709066    1437132715.000845138  
1437132715.038687307    1437132715.046158760  
1437132715.078655673    1437132715.071725541  
1437132715.118640403    1437132715.121360885  
1437132715.158538747    1437132715.169929297  
1437132715.197563709    1437132715.194996174  
1437132715.237469021    1437132715.244141260  
1437132715.277448468    1437132715.269033500  
1437132715.317407154    1437132715.318290358  
1437132715.377311467    1437132715.367272104  
1437132715.416321190    1437132715.415598139  
1437132715.436302082    1437132715.440172199  
1437132715.456225338    1437132715.464388450  
1437132715.476249349    1437132715.489798639  
1437132715.516162509    1437132715.514956197  
1437132715.556085098    1437132715.563370471  
1437132715.595061923    1437132715.587943136  
1437132715.635102126    1437132715.635971482  
1437132715.675055147    1437132715.683721418  
1437132715.714911518    1437132715.708329091  
1437132715.754860092    1437132715.757548706  
1437132715.793842589    1437132715.781648544  
1437132715.833836726    1437132715.830516734  
1437132715.875378665    1437132715.878915263  
1437132715.912700078    1437132715.902933499  
1437132715.972699523    1437132715.976800459  
1437132716.012619555    1437132716.001098727  
1437132716.052736611    1437132716.050682765  
1437132716.072543545    1437132716.075592717  
1437132716.092507764    1437132716.099501054  
1437132716.111446995    1437132716.124868566  
1437132716.151511382    1437132716.149138326  
1437132716.231351702    1437132716.223371365  
1437132716.271313355    1437132716.274134692  
1437132716.290307251    1437132716.298006213  
1437132716.351527805    1437132716.348063407  
1437132716.390236182    1437132716.397141704  
1437132716.430182058    1437132716.422316284  
1437132716.449213880    1437132716.446333857  
1437132716.469329586    1437132716.471292780  
1437132716.569138362    1437132716.570860410  
1437132716.589047185    1437132716.596182979  
1437132716.609029241    1437132716.615608049  
1437132716.629067618    1437132716.640753660  
1437132716.669270635    1437132716.664513138  
1437132716.707878132    1437132716.714278243  
1437132716.747871813    1437132716.739764451  
1437132716.787812479    1437132716.790244945  
1437132716.827736379    1437132716.814811816  
1437132716.867583963    1437132716.863586496  
1437132716.906676023    1437132716.913550283  
1437132716.946650832    1437132716.939117607  
1437132716.986598016    1437132716.989771973  
1437132717.026587095    1437132717.014251721  
1437132717.065491624    1437132717.062955311  
1437132717.105465620    1437132717.112150552  
1437132717.145405997    1437132717.136907962  
1437132717.204362254    1437132717.212490584  
1437132717.244326905    1437132717.238133708  
1437132717.264327769    1437132717.263027445  
1437132717.284395900    1437132717.289551250  
1437132717.304271047    1437132717.314128215  
1437132717.344218742    1437132717.339324370  
1437132717.384225769    1437132717.387871036  
1437132717.423148111    1437132717.412705395  
1437132717.463111830    1437132717.461558629  
1437132717.503053869    1437132717.509620792  
1437132717.542075611    1437132717.534343085  
1437132717.581979621    1437132717.582693408  
1437132717.621961341    1437132717.631631583  
1437132717.663548588    1437132717.656081694  
1437132717.720787981    1437132717.729267874  
1437132717.760738455    1437132717.753743598  
1437132717.780869200    1437132717.778087539  
1437132717.801730329    1437132717.802842890  
1437132717.820659616    1437132717.827009692  
1437132717.840688024    1437132717.850666374  
1437132717.880664239    1437132717.875661593  
1437132717.959556968    1437132717.948161715  
1437132717.999818033    1437132717.997665300  
1437132718.039415352    1437132718.047007771  
1437132718.059413715    1437132718.072820157  
1437132718.118434768    1437132718.122409326  
1437132718.158323259    1437132718.147370110  
1437132718.198273845    1437132718.191457955  
1437132718.238245825    1437132718.241178127  
1437132718.278217545    1437132718.266452609  
1437132718.317218482    1437132718.316090719  
1437132718.357057479    1437132718.366119214  
1437132718.397034713    1437132718.391830583  
1437132718.437066453    1437132718.441555843  
1437132718.475973081    1437132718.466267920  
1437132718.516217167    1437132718.515866232  
1437132718.555842553    1437132718.565618120  
1437132718.595848926    1437132718.590877590  
1437132718.635868315    1437132718.640050680  
1437132718.674790351    1437132718.663779705  
1437132718.714771908    1437132718.713038288  
1437132718.754699494    1437132718.763325761  
1437132718.793747457    1437132718.789189013  
1437132718.833802726    1437132718.838694983  
1437132718.873592530    1437132718.863102368  
1437132718.913550300    1437132718.912463898  
1437132718.952491901    1437132718.961724679  
1437132718.992489797    1437132718.986581047  
1437132719.032510185    1437132719.036218597  
1437132719.072399593    1437132719.060558935  
1437132719.112364898    1437132719.108543836  
1437132719.152244852    1437132719.158834757  
1437132719.191242536    1437132719.183689141  
1437132719.231144154    1437132719.232007793  
1437132719.271122916    1437132719.282355908  
1437132719.311179906    1437132719.307210564  
1437132719.350066466    1437132719.357310226  
1437132719.390060625    1437132719.381270259  
1437132719.430100601    1437132719.429681526  
1437132719.469946483    1437132719.478455916  
1437132719.509919274    1437132719.503058713  
1437132719.549043571    1437132719.552229404  
1437132719.588807190    1437132719.576563724  
1437132719.628791567    1437132719.625247256  
1437132719.668704589    1437132719.673937779  
1437132719.707661158    1437132719.698161752  
1437132719.747644380    1437132719.748113253  
1437132719.787599799    1437132719.791414775  
1437132719.827930838    1437132719.816547560  
1437132719.866648530    1437132719.865096460  
1437132719.906517600    1437132719.914844015  
1437132719.946446099    1437132719.939809410  
1437132719.986408507    1437132719.988928530  
